72 168 25
74 197 25
75 225 76
74 309 25
75 337 50
79 394 50
74 450 152
67 619 50
72 675 76
70 760 25
72 788 50
75 844 50
70 901 152
67 1070 50
68 1126 76
67 1210 25
68 1239 25
75 1267 78
67 1351 168
75 1520 56
74 1576 84
69 1661 28
69 1689 56
74 1745 56
74 1802 112
72 1971 28
74 1999 28
75 2027 84
74 2112 28
75 2140 56
79 2196 56
74 2252 168
67 2421 56
72 2478 76
70 2562 25
72 2590 50
75 2647 50
70 2703 152
67 2872 50
68 2928 50
75 2984 25
74 3013 78
75 3097 50
77 3153 56
79 3210 28
75 3238 140
75 3379 28
74 3407 28
72 3435 56
74 3491 56
71 3548 56
72 3604 112
75 3773 28
77 3801 28
79 3829 84
77 3914 28
79 3942 37
80 3979 37
82 4017 37
77 4055 168
70 4224 56
75 4280 140
77 4421 56
79 4477 28
79 4505 225
72 4730 28
74 4759 28
75 4787 56
74 4843 28
75 4871 28
77 4899 56
75 4956 84
70 5040 28
70 5068 112
80 5181 56
79 5237 56
77 5294 56
75 5350 56
79 5406 56
70 5463 56
82 5519 56
80 5575 56
79 5632 140
77 5772 28
71 5800 28
72 5829 28
74 5857 112
72 6026 28
74 6054 28
75 6082 76
74 6167 25
75 6195 50
79 6251 50
74 6307 50
67 6364 101
67 6476 50
72 6533 76
70 6617 25
72 6645 50
75 6702 50
70 6758 152
67 6927 50
68 6983 50
75 7040 25
74 7068 78
75 7152 50
77 7208 56
79 7265 28
75 7293 140
75 7434 28
74 7462 28
72 7490 56
74 7546 56
71 7603 56
72 7659 225
84 7884 281
84 8166 56
82 8222 56
80 8279 56
82 8335 84
75 8419 28
75 8448 168
75 8616 56
80 8673 56
82 8729 56
84 8785 281
84 9067 56
82 9123 56
80 9180 56
82 9236 84
75 9320 28
75 9349 225
72 9912 168
70 10081 56
70 10137 168
68 10306 56
67 10362 225
67 10588 56
74 10644 56
79 10700 56
67 10757 56
75 10813 112
74 10926 28
72 10954 28
70 10982 28
69 11010 28
70 11038 84
67 11123 28
72 11151 56
67 11207 56
67 11264 84
65 11348 28
65 11376 112
68 11489 84
67 11573 28
67 11601 337
62 11996 168
70 12024 140
65 12052 337
