76 39 19
75 59 19
76 79 19
75 99 19
76 119 19
71 139 19
74 159 19
72 179 19
69 199 39
60 259 19
64 279 19
69 299 19
71 319 39
64 378 19
68 399 19
71 419 19
72 438 39
64 498 19
76 518 19
75 538 19
76 558 19
75 578 19
76 598 19
71 618 19
74 638 19
72 658 19
69 678 39
60 738 19
64 758 19
69 778 19
71 798 39
64 858 19
72 877 19
71 897 19
69 917 79
76 997 19
75 1017 19
76 1037 19
75 1057 19
76 1077 19
71 1097 19
74 1117 19
72 1137 19
69 1157 39
60 1217 19
64 1237 19
69 1257 19
71 1277 39
64 1337 19
68 1357 19
71 1377 19
72 1397 39
64 1456 19
76 1476 19
75 1496 19
76 1516 19
75 1536 19
76 1556 19
71 1576 19
74 1596 19
72 1616 19
69 1636 39
60 1696 19
64 1716 19
69 1736 19
71 1756 39
64 1816 19
72 1835 19
71 1855 19
69 1875 39
71 1936 19
72 1955 19
74 1975 19
76 1995 59
67 2055 19
77 2075 19
76 2095 19
74 2115 59
65 2175 19
76 2195 19
74 2215 19
72 2235 59
64 2295 19
74 2315 19
72 2335 19
71 2355 39
64 2414 19
76 2434 19
76 2494 19
88 2514 19
75 2574 19
76 2594 19
75 2654 19
76 2674 19
75 2694 19
76 2714 19
75 2734 19
76 2754 19
71 2774 19
74 2794 19
72 2813 19
69 2833 39
60 2894 19
64 2913 19
69 2933 19
71 2953 39
64 3013 19
68 3033 19
71 3053 19
72 3073 39
64 3133 19
76 3153 19
75 3173 19
76 3193 19
75 3213 19
76 3233 19
71 3253 19
74 3273 19
72 3293 19
69 3313 39
60 3372 19
64 3392 19
69 3412 19
71 3432 39
64 3492 19
72 3512 19
71 3532 19
69 3552 39
71 3612 19
72 3632 19
74 3652 19
76 3672 59
67 3732 19
77 3752 19
76 3771 19
74 3791 59
65 3852 19
76 3872 19
74 3891 19
72 3911 59
64 3971 19
74 3991 19
72 4011 19
71 4031 39
64 4091 19
76 4111 19
76 4171 19
88 4191 19
75 4251 19
76 4271 19
75 4330 19
76 4350 19
75 4370 19
76 4390 19
75 4410 19
76 4430 19
71 4450 19
74 4470 19
72 4490 19
69 4510 39
60 4570 19
64 4590 19
69 4610 19
71 4630 39
64 4690 19
68 4710 19
71 4730 19
72 4750 39
64 4810 19
76 4830 19
75 4849 19
76 4869 19
75 4889 19
76 4909 19
71 4929 19
74 4949 19
72 4969 19
69 4989 39
60 5049 19
64 5069 19
69 5089 19
71 5109 39
64 5169 19
72 5189 19
71 5209 19
69 5229 39
64 5288 19
72 5288 19
65 5308 19
72 5308 19
64 5328 19
67 5328 19
72 5328 19
72 5348 80
77 5428 29
76 5458 9
76 5468 39
74 5508 39
82 5548 29
81 5578 9
81 5588 19
79 5608 19
77 5628 19
76 5648 19
74 5668 19
72 5688 19
70 5708 39
69 5748 39
69 5788 9
67 5798 9
69 5808 9
70 5817 9
72 5827 79
74 5907 19
75 5927 19
76 5947 59
76 6007 19
77 6027 19
69 6047 19
72 6067 79
74 6147 29
71 6177 9
72 6187 9
79 6197 9
67 6207 9
79 6217 9
69 6227 9
79 6237 9
71 6246 9
79 6256 9
72 6266 9
79 6277 9
74 6287 9
79 6297 9
76 6307 9
79 6317 9
84 6327 9
83 6337 9
81 6347 9
79 6356 9
77 6366 9
76 6376 9
74 6386 9
79 6396 9
77 6406 9
74 6416 9
72 6426 9
79 6436 9
67 6446 9
79 6456 9
69 6466 9
79 6476 9
71 6486 9
79 6496 9
72 6506 9
79 6516 9
74 6526 9
79 6536 9
76 6546 9
79 6556 9
84 6566 9
83 6576 9
81 6586 9
79 6596 9
77 6606 9
76 6616 9
74 6626 9
79 6636 9
77 6646 9
74 6656 9
76 6666 9
77 6676 9
76 6686 9
75 6696 9
76 6706 9
71 6716 9
76 6726 9
75 6736 9
76 6746 9
71 6756 9
76 6766 9
75 6776 9
76 6785 59
71 6845 19
76 6865 19
75 6885 19
76 6905 59
71 6965 19
76 6985 19
75 7005 19
76 7025 19
75 7085 19
76 7105 19
75 7125 19
76 7145 19
75 7165 19
76 7185 19
71 7205 19
74 7225 19
72 7245 19
69 7265 39
60 7324 19
64 7344 19
69 7364 19
71 7384 39
64 7444 19
68 7464 19
71 7484 19
72 7504 39
64 7564 19
76 7584 19
75 7604 19
76 7624 19
75 7644 19
76 7664 19
71 7684 19
74 7704 19
72 7724 19
69 7744 39
60 7803 19
64 7824 19
69 7844 19
71 7863 39
64 7923 19
72 7943 19
71 7963 19
69 7983 39
71 8043 19
72 8063 19
74 8083 19
76 8103 59
67 8163 19
77 8183 19
76 8203 19
74 8223 59
65 8283 19
76 8302 19
74 8322 19
72 8342 59
64 8402 19
74 8422 19
72 8442 19
71 8462 39
64 8522 19
76 8542 19
76 8602 19
88 8622 19
75 8682 19
76 8702 19
75 8762 19
76 8782 19
75 8802 19
76 8822 19
75 8841 19
76 8861 19
71 8881 19
74 8901 19
72 8921 19
69 8941 39
60 9001 19
64 9021 19
69 9041 19
71 9061 39
64 9121 19
68 9141 19
71 9161 19
72 9181 39
64 9241 19
76 9260 19
75 9280 19
76 9300 19
75 9320 19
76 9340 19
71 9361 19
74 9380 19
72 9400 19
69 9420 39
60 9480 19
64 9500 19
69 9520 19
71 9540 39
64 9600 19
72 9620 19
71 9640 19
69 9660 39
67 9780 0
70 9780 79
73 9780 79
70 9780 79
73 9780 79
64 9780 79
65 9899 80
69 9899 80
74 9899 80
73 9979 19
76 9979 19
74 9999 19
77 9999 19
68 10019 79
74 10019 79
77 10019 79
68 10099 39
74 10099 39
77 10099 39
72 10139 79
76 10139 79
69 10139 119
65 10258 80
74 10258 80
64 10338 19
72 10338 19
62 10358 19
71 10358 19
60 10378 79
66 10378 79
69 10378 79
60 10458 39
69 10458 39
60 10498 39
69 10498 39
64 10538 39
72 10538 39
62 10578 39
71 10578 39
69 10618 79
60 10618 119
67 10738 0
70 10738 79
73 10738 79
70 10738 79
73 10738 79
64 10738 79
65 10857 80
69 10857 80
74 10857 80
73 10937 19
76 10937 19
74 10957 19
77 10957 19
74 10977 79
77 10977 79
74 11057 39
77 11057 39
77 11097 79
74 11097 119
67 11217 79
75 11217 79
65 11297 19
74 11297 19
63 11316 19
72 11316 19
62 11336 79
65 11336 79
70 11336 79
62 11416 39
65 11416 39
69 11416 39
62 11456 80
65 11456 80
68 11456 80
62 11536 39
65 11536 39
68 11536 39
60 11576 79
64 11576 79
69 11576 79
64 11696 39
71 11696 39
57 11815 13
60 11829 13
64 11842 13
69 11855 13
72 11869 13
76 11882 13
74 11895 13
72 11908 13
71 11922 13
69 11935 13
72 11949 13
76 11962 13
81 11975 13
84 11988 13
88 12002 13
86 12015 13
84 12028 13
83 12042 13
81 12055 13
84 12068 13
88 12082 13
93 12095 13
96 12108 13
100 12122 13
98 12135 13
96 12148 13
95 12161 13
94 12175 13
93 12188 13
92 12201 13
91 12215 13
90 12228 13
89 12241 13
88 12255 13
87 12268 13
86 12281 13
85 12294 13
84 12308 13
83 12321 13
82 12334 13
81 12348 13
80 12361 13
79 12374 13
78 12388 13
77 12401 13
76 12414 19
75 12434 19
76 12454 19
71 12474 19
74 12494 19
72 12514 19
69 12534 39
60 12594 19
64 12614 19
69 12634 19
71 12654 39
64 12713 19
68 12733 19
71 12754 19
72 12774 39
64 12833 19
76 12853 19
75 12873 19
76 12893 19
75 12913 19
76 12933 19
71 12953 19
74 12973 19
72 12993 19
69 13013 39
60 13073 19
64 13093 19
69 13113 19
71 13133 39
64 13193 19
72 13213 19
71 13233 19
69 13252 39
71 13312 19
72 13332 19
74 13352 19
76 13372 59
67 13432 19
77 13452 19
76 13472 19
74 13492 59
65 13552 19
76 13572 19
74 13592 19
72 13612 59
64 13672 19
74 13692 19
72 13712 19
71 13732 39
64 13791 19
76 13811 19
76 13871 19
88 13891 19
75 13951 19
76 13971 19
75 14031 19
76 14051 19
75 14071 19
76 14091 19
75 14111 19
76 14131 19
71 14151 19
74 14171 19
72 14191 19
69 14210 39
60 14270 19
64 14291 19
69 14311 19
71 14330 39
64 14390 19
68 14410 19
71 14430 19
72 14450 39
64 14510 19
76 14530 19
75 14550 19
76 14570 19
75 14590 19
76 14610 19
71 14630 19
74 14650 19
72 14670 19
69 14690 39
60 14749 19
64 14769 19
69 14789 19
71 14809 39
64 14869 19
72 14889 19
71 14909 19
69 14929 119
