75 171 21
73 193 21
80 214 21
73 236 21
75 257 21
73 279 21
68 300 21
73 322 21
75 343 21
73 365 21
80 386 21
73 408 21
75 429 21
73 451 21
68 472 21
73 494 21
75 515 21
73 537 21
80 558 21
73 580 21
75 601 21
73 623 21
68 644 21
73 666 21
75 687 21
73 708 21
80 730 21
73 751 21
75 773 21
73 794 21
68 816 21
73 837 21
75 859 21
73 880 21
80 902 21
73 923 21
75 945 21
73 966 21
68 988 21
73 1009 21
75 1031 21
73 1052 21
80 1074 21
73 1095 21
75 1117 21
73 1138 21
68 1160 21
73 1181 21
75 1203 21
73 1224 21
80 1246 21
73 1267 21
75 1289 21
73 1310 21
80 1332 21
73 1353 21
75 1375 13
80 1379 167
82 1384 162
80 1379 167
82 1384 162
87 1388 158
75 1546 42
68 1600 10
71 1611 10
75 1622 10
66 1632 35
70 1632 35
73 1632 35
70 1668 50
73 1672 46
78 1675 42
70 1718 32
73 1718 32
82 1750 10
80 1761 32
79 1793 10
80 1804 42
87 1847 42
80 1890 37
80 1928 48
87 1933 42
85 1976 21
85 1998 7
87 2005 7
85 2012 7
82 2019 21
78 2041 21
80 2062 128
75 2212 13
68 2226 50
71 2230 46
75 2234 42
68 2288 10
71 2298 10
75 2309 10
66 2320 42
70 2320 42
73 2320 42
70 2363 42
73 2363 42
78 2363 42
70 2406 21
73 2406 21
70 2427 21
79 2427 21
70 2449 21
80 2449 21
70 2470 21
82 2470 21
75 2492 10
83 2502 10
73 2513 10
82 2524 10
71 2535 10
80 2545 10
70 2556 10
78 2567 10
80 2578 10
87 2588 10
85 2599 10
87 2610 10
80 2621 10
87 2631 10
85 2642 10
87 2653 10
80 2664 10
87 2674 10
85 2685 10
87 2696 10
80 2707 10
87 2717 10
85 2728 10
87 2739 10
80 2750 10
87 2760 10
84 2771 10
87 2782 10
80 2792 10
87 2803 10
84 2814 10
87 2825 10
80 2835 10
87 2846 10
84 2857 10
87 2868 10
80 2878 21
75 2900 21
83 2921 10
75 2932 10
82 2943 10
75 2954 10
83 2964 10
75 2975 10
85 2986 10
75 2997 10
82 3007 10
70 3018 10
80 3029 10
70 3040 10
78 3050 21
75 3072 10
78 3083 10
80 3093 10
71 3104 10
78 3115 10
71 3125 10
80 3136 10
71 3147 10
83 3158 10
71 3168 10
78 3179 10
71 3190 10
76 3201 10
71 3211 10
75 3222 21
75 3244 10
78 3254 10
76 3265 10
68 3276 10
75 3287 10
68 3297 10
73 3308 10
68 3319 10
76 3330 10
68 3340 10
75 3351 10
63 3362 10
73 3373 10
63 3383 10
71 3394 10
63 3405 10
75 3416 10
63 3426 10
73 3437 10
64 3448 10
71 3458 10
64 3469 10
70 3480 10
64 3491 10
68 3501 10
64 3512 10
63 3523 21
67 3523 21
63 3544 21
68 3544 21
63 3566 21
67 3566 21
70 3566 21
63 3587 21
71 3609 10
63 3620 10
70 3630 10
63 3641 10
71 3652 10
63 3663 10
73 3673 10
63 3684 10
70 3695 10
58 3706 10
68 3716 10
58 3727 10
66 3738 10
58 3749 10
63 3759 10
66 3770 10
68 3781 10
59 3791 10
68 3802 10
66 3813 10
68 3824 10
70 3834 10
71 3845 10
68 3856 10
66 3867 10
59 3877 10
64 3888 10
59 3899 10
63 3910 21
63 3931 10
66 3942 10
64 3953 21
76 3974 10
75 3985 10
73 3996 10
71 4006 10
70 4017 21
75 4039 10
73 4049 10
75 4060 10
76 4071 10
75 4082 10
73 4092 10
71 4103 10
70 4114 10
68 4125 21
75 4146 21
67 4167 21
75 4189 21
68 4210 78
68 4289 50
71 4293 46
75 4296 42
68 4350 10
71 4361 10
75 4372 10
66 4382 42
70 4382 42
73 4382 42
70 4425 42
73 4425 42
78 4425 42
70 4468 32
73 4468 32
82 4500 10
80 4511 32
79 4543 10
80 4554 42
87 4597 42
80 4640 37
80 4678 48
87 4683 42
85 4726 21
85 4748 7
87 4755 7
85 4762 7
82 4769 21
78 4791 21
80 4812 128
75 4962 10
68 4973 10
71 4984 42
75 4984 42
68 5038 10
71 5048 10
75 5059 10
66 5070 42
70 5070 42
73 5070 42
70 5113 42
73 5113 42
78 5113 42
70 5156 21
73 5156 21
70 5177 21
79 5177 21
70 5199 21
80 5199 21
70 5220 21
82 5220 21
75 5242 10
83 5252 10
73 5263 10
82 5274 10
71 5285 10
80 5295 10
70 5306 10
78 5317 10
80 5328 10
87 5338 10
85 5349 10
87 5360 10
80 5371 10
87 5381 10
85 5392 10
87 5403 10
80 5414 10
87 5424 10
85 5435 10
87 5446 10
80 5457 10
87 5467 10
85 5478 10
87 5489 10
80 5500 10
87 5510 10
84 5521 10
87 5532 10
80 5542 10
87 5553 10
84 5564 10
87 5575 10
80 5585 10
87 5596 10
84 5607 10
87 5618 10
80 5628 34
68 5663 51
71 5667 47
75 5671 42
68 5725 10
71 5736 10
75 5747 10
66 5757 42
70 5757 42
73 5757 42
70 5800 42
73 5800 42
78 5800 42
70 5843 32
73 5843 32
82 5875 10
80 5886 32
79 5918 10
80 5929 42
87 5972 42
80 6015 38
80 6054 47
87 6058 42
85 6101 21
85 6123 7
87 6130 7
85 6137 7
82 6144 21
78 6166 21
80 6187 128
75 6337 10
68 6348 10
71 6359 42
75 6359 42
68 6413 10
71 6423 10
75 6434 10
66 6445 42
70 6445 42
73 6445 42
70 6488 42
73 6488 42
78 6488 42
70 6531 21
73 6531 21
70 6552 21
79 6552 21
70 6574 21
80 6574 21
70 6595 21
82 6595 21
75 6617 10
83 6627 10
73 6638 10
82 6649 10
71 6660 10
80 6670 10
70 6681 10
78 6692 10
80 6703 10
87 6713 10
85 6724 10
87 6735 10
80 6746 10
87 6756 10
85 6767 10
87 6778 10
80 6789 10
87 6799 10
85 6810 10
87 6821 10
80 6832 10
87 6842 10
85 6853 10
87 6864 10
80 6875 10
87 6885 10
84 6896 10
87 6907 10
80 6917 10
87 6928 10
84 6939 10
87 6950 10
80 6960 10
87 6971 10
84 6982 10
87 6993 10
80 7003 21
75 7025 21
83 7046 10
75 7057 10
82 7068 10
75 7079 10
83 7089 10
75 7100 10
85 7111 10
75 7122 10
82 7132 10
70 7143 10
80 7154 10
70 7165 10
78 7175 21
75 7197 10
78 7208 10
80 7218 10
71 7229 10
78 7240 10
71 7250 10
80 7261 10
71 7272 10
83 7283 10
71 7293 10
78 7304 10
71 7315 10
76 7326 10
71 7336 10
75 7347 21
75 7369 10
78 7379 10
76 7390 10
68 7401 10
75 7412 10
68 7422 10
73 7433 10
68 7444 10
76 7455 10
68 7465 10
75 7476 10
63 7487 10
73 7498 10
63 7508 10
71 7519 10
63 7530 10
75 7541 10
63 7551 10
73 7562 10
64 7573 10
71 7583 10
64 7594 10
70 7605 10
64 7616 10
68 7626 10
64 7637 10
63 7648 21
67 7648 21
63 7669 21
68 7669 21
63 7691 21
67 7691 21
70 7691 21
63 7712 21
71 7734 10
63 7745 10
70 7755 10
63 7766 10
71 7777 10
63 7788 10
73 7798 10
63 7809 10
70 7820 10
58 7831 10
68 7841 10
58 7852 10
66 7863 10
58 7874 10
63 7884 10
66 7895 10
68 7906 10
59 7916 10
68 7927 10
66 7938 10
68 7949 10
70 7959 10
71 7970 10
68 7981 10
66 7992 10
59 8002 10
64 8013 10
59 8024 10
63 8035 21
63 8056 10
66 8067 10
64 8078 21
76 8099 10
75 8110 10
73 8121 10
71 8131 10
70 8142 21
75 8164 10
73 8174 10
75 8185 10
76 8196 10
75 8207 10
73 8217 10
71 8228 10
70 8239 10
68 8250 21
75 8271 21
67 8292 21
75 8314 21
68 8335 85
80 8421 10
68 8432 10
71 8443 10
75 8454 10
80 8464 10
71 8475 10
75 8486 10
80 8497 10
82 8507 10
73 8518 10
75 8529 10
80 8540 10
82 8550 10
73 8561 10
83 8572 10
82 8583 10
80 8593 10
71 8604 10
83 8615 10
71 8625 10
82 8636 10
71 8647 10
78 8658 10
71 8668 10
80 8679 10
71 8690 10
78 8701 10
71 8711 10
75 8722 10
71 8733 10
78 8744 10
71 8754 10
80 8765 10
68 8776 10
71 8787 10
75 8797 10
80 8808 10
71 8819 10
75 8830 10
80 8840 10
82 8851 10
73 8862 10
75 8873 10
80 8883 10
82 8894 10
73 8905 10
83 8916 10
82 8926 10
80 8937 10
71 8948 10
83 8958 10
71 8969 10
85 8980 10
73 8991 10
87 9001 10
75 9012 10
85 9023 10
73 9034 10
83 9044 42
80 9087 21
80 9109 10
68 9120 10
71 9130 10
75 9141 10
80 9152 10
71 9163 10
75 9173 10
80 9184 10
82 9195 10
73 9206 10
75 9216 10
80 9227 10
82 9238 10
73 9249 10
83 9259 10
82 9270 10
80 9281 10
71 9291 10
83 9302 10
71 9313 10
82 9324 10
71 9334 10
78 9345 10
71 9356 10
80 9367 10
71 9377 10
78 9388 10
71 9399 10
75 9410 10
71 9420 10
78 9431 10
71 9442 10
80 9453 10
68 9463 10
71 9474 10
75 9485 10
80 9496 10
71 9506 10
75 9517 10
80 9528 10
82 9539 10
73 9549 10
75 9560 10
80 9571 10
82 9582 10
73 9592 10
83 9603 10
82 9614 10
80 9625 128
80 9775 21
80 9796 10
68 9807 10
71 9818 10
75 9829 10
80 9839 10
71 9850 10
75 9861 10
80 9872 10
82 9882 10
73 9893 10
75 9904 10
80 9915 10
82 9925 10
73 9936 10
83 9947 10
82 9958 10
80 9968 10
71 9979 10
83 9990 10
71 10000 10
82 10011 10
71 10022 10
78 10033 10
71 10043 10
80 10054 10
71 10065 10
78 10076 10
71 10086 10
75 10097 10
71 10108 10
78 10119 10
71 10129 10
80 10140 10
68 10151 10
71 10162 10
75 10172 10
80 10183 10
71 10194 10
75 10205 10
80 10215 10
82 10226 10
73 10237 10
75 10248 10
80 10258 10
82 10269 10
73 10280 10
83 10291 10
82 10301 10
80 10312 10
71 10323 10
83 10333 10
71 10344 10
85 10355 10
73 10366 10
87 10376 10
75 10387 10
85 10398 10
73 10409 10
83 10419 10
71 10430 32
80 10462 21
68 10495 10
71 10505 10
75 10516 10
80 10527 10
71 10538 10
75 10548 10
80 10559 10
82 10570 10
73 10581 10
75 10591 10
80 10602 10
82 10613 10
73 10624 10
83 10634 10
82 10645 10
80 10656 10
71 10666 10
83 10677 10
71 10688 10
82 10699 10
71 10709 10
78 10720 10
71 10731 10
80 10742 10
71 10752 10
78 10763 10
71 10774 10
75 10785 10
71 10795 10
78 10806 10
71 10817 10
80 10828 10
68 10838 10
71 10849 10
75 10860 10
80 10871 10
71 10881 10
75 10892 10
80 10903 10
82 10914 10
73 10924 10
75 10935 10
80 10946 10
82 10957 10
73 10967 10
83 10978 10
82 10989 10
80 11000 128
80 11171 10
68 11182 10
71 11193 10
75 11204 10
80 11214 10
71 11225 10
75 11236 10
80 11247 10
82 11257 10
73 11268 10
75 11279 10
80 11290 10
82 11300 10
73 11311 10
83 11322 10
82 11333 10
80 11343 10
71 11354 10
83 11365 10
71 11375 10
82 11386 10
71 11397 10
78 11408 10
71 11418 10
80 11429 10
71 11440 10
78 11451 10
71 11461 10
75 11472 10
71 11483 10
78 11494 10
71 11504 10
80 11515 21
71 11537 10
75 11547 10
80 11558 10
71 11569 10
75 11580 10
80 11590 10
82 11601 21
75 11623 10
80 11633 10
82 11644 10
73 11655 10
83 11666 10
82 11676 10
80 11687 10
71 11698 10
83 11708 10
71 11719 10
85 11730 10
73 11741 10
87 11751 10
75 11762 10
85 11773 10
73 11784 10
83 11794 10
71 11805 32
80 11837 21
80 11859 10
68 11870 10
71 11880 10
75 11891 10
80 11902 10
71 11913 10
75 11923 10
80 11934 10
82 11945 10
73 11956 10
75 11966 10
80 11977 10
82 11988 10
73 11999 10
83 12009 10
82 12020 10
80 12031 10
71 12041 10
83 12052 10
71 12063 10
82 12074 10
71 12084 10
78 12095 10
71 12106 10
71 12117 21
80 12117 21
70 12138 21
78 12138 21
68 12160 21
75 12160 21
66 12181 21
78 12181 21
80 12203 21
71 12224 21
75 12246 10
80 12246 10
71 12256 10
75 12267 10
80 12278 10
73 12289 10
82 12289 10
73 12299 10
75 12310 10
80 12321 10
82 12332 10
73 12342 10
83 12353 10
82 12364 10
56 12375 10
59 12385 10
63 12396 10
68 12407 10
71 12417 10
75 12428 10
80 12439 10
83 12450 10
87 12460 10
92 12471 10
95 12482 10
99 12493 6
99 12499 47
95 12503 42
104 12503 42
80 12546 10
68 12557 10
71 12568 10
75 12579 10
80 12589 10
71 12600 10
75 12611 10
80 12622 10
82 12632 10
73 12643 10
75 12654 10
80 12665 10
82 12675 10
73 12686 10
83 12697 10
82 12708 10
80 12718 10
71 12729 10
83 12740 10
71 12750 10
82 12761 10
71 12772 10
78 12783 10
71 12793 10
80 12804 10
71 12815 10
78 12826 10
71 12836 10
75 12847 10
71 12858 10
78 12869 10
71 12879 10
80 12890 21
71 12912 10
75 12922 10
80 12933 10
71 12944 10
75 12955 10
80 12965 10
82 12976 10
73 12987 10
75 12998 10
80 13008 10
82 13019 10
73 13030 10
83 13041 10
82 13051 10
80 13062 10
71 13073 10
83 13083 10
71 13094 10
85 13105 10
73 13116 10
87 13126 10
75 13137 10
87 13148 10
75 13159 10
87 13169 10
75 13180 10
87 13191 10
75 13202 10
90 13212 10
78 13223 10
92 13234 10
80 13245 10
83 13255 10
87 13266 10
92 13277 10
83 13288 10
87 13298 10
92 13309 10
94 13320 10
85 13331 10
87 13341 10
92 13352 10
94 13363 10
85 13374 10
95 13384 10
94 13395 10
92 13406 10
83 13416 10
95 13427 10
83 13438 10
94 13449 10
83 13459 10
90 13470 10
83 13481 10
92 13492 10
83 13502 10
90 13513 10
83 13524 10
87 13535 10
83 13545 10
90 13556 10
83 13567 10
92 13578 10
80 13588 10
83 13599 10
87 13610 10
92 13621 10
83 13631 10
87 13642 10
92 13653 10
94 13664 10
85 13674 10
87 13685 10
92 13696 10
94 13707 10
85 13717 10
95 13728 10
94 13739 10
56 13750 10
59 13760 10
63 13771 10
68 13782 10
71 13792 10
75 13803 10
80 13814 10
83 13825 10
87 13835 10
92 13846 10
95 13857 10
99 13868 6
99 13874 47
95 13878 42
104 13878 42
73 14018 10
75 14029 10
83 14040 10
82 14050 10
80 14061 10
82 14072 10
79 14083 10
83 14093 10
75 14104 10
82 14115 10
75 14125 10
83 14136 10
75 14147 10
85 14158 10
75 14168 10
82 14179 10
70 14190 10
80 14201 10
70 14211 10
78 14222 21
75 14244 10
78 14254 10
80 14265 10
71 14276 10
78 14287 10
71 14297 10
80 14308 10
71 14319 10
83 14330 10
71 14340 10
78 14351 10
71 14362 10
76 14373 10
71 14383 10
75 14394 21
75 14416 10
78 14426 10
76 14437 10
68 14448 10
75 14458 10
68 14469 10
73 14480 10
68 14491 10
76 14501 10
68 14512 10
75 14523 10
63 14534 10
73 14544 10
63 14555 10
71 14566 10
63 14577 10
75 14587 10
63 14598 10
73 14609 10
64 14620 10
71 14630 10
64 14641 10
70 14652 10
64 14663 10
68 14673 10
64 14684 10
63 14695 21
67 14695 21
63 14716 21
68 14716 21
63 14738 21
67 14738 21
70 14738 21
63 14759 21
71 14781 10
63 14791 10
70 14802 10
63 14813 10
71 14824 10
63 14834 10
73 14845 10
63 14856 10
70 14867 10
58 14877 10
68 14888 10
58 14899 10
66 14910 10
58 14920 10
63 14931 10
66 14942 10
68 14953 10
59 14963 10
68 14974 10
66 14985 10
68 14996 10
70 15006 10
71 15017 10
68 15028 10
66 15039 10
59 15049 10
64 15060 10
59 15071 10
63 15082 21
63 15103 10
66 15114 10
64 15125 21
76 15146 10
75 15157 10
73 15167 10
71 15178 10
70 15189 21
75 15210 10
73 15221 10
75 15232 10
76 15243 10
75 15253 10
73 15264 10
71 15275 10
70 15286 10
68 15296 21
75 15318 21
67 15339 21
75 15361 21
68 15382 64
63 15447 21
71 15468 10
63 15479 10
70 15490 10
63 15500 10
71 15511 10
63 15522 10
73 15533 10
63 15543 10
70 15554 10
58 15565 10
68 15576 10
58 15586 10
66 15597 10
58 15608 10
63 15619 10
66 15629 10
68 15640 10
59 15651 10
68 15662 10
66 15672 10
68 15683 10
70 15694 10
71 15705 10
68 15715 10
66 15726 10
59 15737 10
64 15748 10
59 15758 10
63 15769 21
63 15791 10
66 15801 10
64 15812 21
76 15833 10
75 15844 10
73 15855 10
71 15866 10
70 15876 21
63 15898 21
75 15919 10
73 15930 10
71 15941 10
70 15952 10
68 15962 21
88 16005 10
87 16016 10
85 16027 10
83 16038 10
82 16048 10
80 16059 10
79 16070 10
75 16081 10
73 16091 10
71 16102 10
70 16113 10
68 16124 10
67 16134 10
63 16145 10
71 16156 10
63 16166 10
70 16177 10
63 16188 10
71 16199 10
63 16209 10
73 16220 10
63 16231 10
70 16242 10
58 16252 10
68 16263 10
58 16274 10
66 16285 10
58 16295 10
63 16306 10
66 16317 10
68 16328 10
59 16338 10
68 16349 10
66 16360 10
68 16371 10
70 16381 10
71 16392 10
68 16403 10
66 16414 10
59 16424 10
64 16435 10
59 16446 10
63 16457 21
63 16478 10
66 16489 10
64 16500 21
76 16521 10
75 16532 10
73 16542 10
71 16553 10
70 16564 21
75 16585 10
73 16596 10
75 16607 10
76 16618 10
75 16628 10
73 16639 10
71 16650 10
70 16661 10
68 16671 21
75 16693 21
67 16714 21
75 16736 21
68 16757 85
75 16843 21
73 16865 21
80 16886 21
73 16908 21
75 16929 21
73 16951 21
68 16972 21
73 16994 21
75 17015 21
73 17037 21
80 17058 21
73 17080 21
75 17101 21
73 17123 21
68 17144 21
73 17166 21
75 17187 10
82 17198 10
85 17198 10
83 17208 21
87 17208 21
80 17230 21
73 17251 21
75 17273 21
73 17294 21
68 17316 21
73 17337 21
75 17359 21
73 17380 21
80 17402 21
73 17423 21
75 17445 21
73 17466 21
68 17488 21
73 17509 21
75 17531 21
73 17552 21
80 17574 21
73 17595 21
75 17617 21
73 17638 21
68 17660 21
73 17681 21
75 17703 21
73 17724 21
80 17746 21
73 17767 21
75 17789 21
73 17810 21
68 17832 21
73 17853 21
75 17875 10
82 17885 10
85 17885 10
83 17896 21
87 17896 21
80 17917 21
73 17939 21
75 17960 21
73 17982 21
68 18003 21
73 18025 21
75 18046 21
73 18068 21
80 18089 21
73 18111 21
75 18132 21
73 18154 21
68 18175 21
73 18197 21
