48 225 28
51 253 28
55 281 168
60 281 168
46 450 28
50 478 28
55 506 168
58 506 168
44 675 28
48 704 28
51 732 56
55 732 56
44 788 112
43 901 28
46 929 28
51 957 168
53 957 168
41 1126 28
44 1154 28
48 1182 168
51 1182 168
39 1351 28
43 1379 28
48 1408 168
51 1408 168
38 1576 28
42 1605 28
45 1633 168
48 1633 168
43 1802 28
47 1830 28
50 1858 168
55 1858 168
48 2027 28
51 2055 28
55 2083 168
60 2083 168
46 2252 28
50 2280 28
55 2309 168
58 2309 168
44 2478 28
48 2506 28
51 2534 56
55 2534 56
44 2590 112
43 2703 28
46 2731 28
51 2759 168
53 2759 168
41 2928 28
44 2956 28
48 2984 168
51 2984 168
36 3153 28
43 3182 28
48 3210 168
51 3210 168
41 3379 28
44 3407 28
48 3435 56
51 3435 56
43 3491 28
47 3520 28
50 3548 56
55 3548 56
48 3604 28
51 3632 28
55 3660 168
60 3660 168
51 3829 28
55 3857 28
58 3886 168
63 3886 168
50 4055 28
53 4083 28
58 4111 168
62 4111 168
48 4280 28
51 4308 28
55 4336 168
60 4336 168
46 4505 28
50 4533 28
55 4561 168
58 4561 168
44 4730 28
48 4759 28
51 4787 56
56 4787 56
44 4843 28
46 4871 28
50 4899 56
53 4899 56
43 4956 28
46 4984 28
51 5012 168
55 5012 168
41 5181 28
44 5209 28
48 5237 168
51 5237 168
46 5406 28
50 5434 28
53 5463 168
56 5463 168
47 5632 28
50 5660 28
55 5688 168
59 5688 168
43 5857 28
47 5885 28
50 5913 168
55 5913 168
48 6082 28
51 6110 28
55 6138 168
60 6138 168
46 6307 28
50 6336 28
55 6364 168
58 6364 168
44 6533 28
48 6561 28
51 6589 56
55 6589 56
44 6645 112
43 6758 28
46 6786 28
51 6814 168
53 6814 168
41 6983 28
44 7011 28
48 7040 168
51 7040 168
36 7208 28
43 7237 28
48 7265 168
51 7265 168
41 7434 28
44 7462 28
48 7490 56
51 7490 56
43 7546 28
47 7575 28
50 7603 56
55 7603 56
48 7659 28
52 7687 28
55 7715 168
60 7715 168
61 7884 450
65 7884 450
68 7884 450
60 8335 450
63 8335 450
68 8335 450
61 8785 450
65 8785 450
68 8785 450
60 9236 337
63 9236 337
68 9236 337
51 9602 28
53 9630 28
55 9658 28
55 9687 168
53 9856 56
61 9912 225
65 9912 225
60 10137 225
63 10137 225
59 10362 450
62 10362 450
48 10813 112
51 10813 112
55 10813 112
50 10926 112
54 10926 112
60 10926 112
55 11038 112
58 11038 112
62 11038 112
56 11151 112
60 11151 112
63 11151 112
57 11264 225
60 11264 225
63 11264 225
58 11489 225
62 11489 225
65 11489 225
59 11714 225
62 11714 225
65 11714 225
48 11939 225
55 11968 422
