57 0 334
83 44 41
81 352 41
79 396 41
78 440 41
79 484 41
86 528 125
84 660 41
83 704 125
73 704 167
76 704 167
81 836 41
81 880 125
79 1012 41
72 1056 167
76 1056 167
81 1056 167
75 1232 167
78 1232 167
83 1232 167
79 1496 167
74 1672 167
78 1672 167
76 1848 167
74 1936 41
72 1980 41
74 2024 167
67 2156 41
69 2200 41
72 2244 41
76 2288 41
79 2332 41
78 2376 41
74 2420 41
71 2464 41
69 2508 41
71 2552 334
66 2728 43
79 2904 167
69 3080 167
75 3080 167
78 3080 167
71 3256 167
76 3256 167
74 3432 125
71 3564 41
69 3608 41
72 3652 41
76 3696 41
79 3740 41
81 3784 41
83 3828 41
78 3872 41
74 3916 41
67 4004 41
71 4048 41
67 4092 41
64 4136 83
71 4268 41
79 4312 167
74 4488 167
78 4488 167
76 4664 167
74 4752 41
72 4796 41
74 4840 167
67 4972 41
69 5016 41
72 5060 41
76 5104 41
79 5148 41
78 5192 41
74 5236 41
71 5280 41
69 5324 41
71 5368 334
66 5544 43
79 5720 167
69 5896 167
75 5896 167
78 5896 167
71 6072 167
76 6072 167
74 6248 125
71 6380 41
69 6424 41
72 6468 41
76 6512 41
79 6556 41
81 6600 41
83 6644 41
78 6688 41
74 6732 41
67 6820 41
71 6864 41
67 6908 41
76 6943 96
64 6952 83
78 7084 41
79 7128 41
79 7172 41
79 7216 41
79 7260 41
72 7304 41
79 7304 41
78 7348 41
76 7392 41
78 7436 41
74 7480 167
72 7700 41
71 7744 41
72 7788 20
74 7810 20
76 7832 41
76 7876 41
76 7920 41
76 7964 41
76 8008 41
74 8052 41
72 8096 41
74 8140 41
71 8184 250
62 8404 41
67 8448 83
71 8492 41
68 8536 41
69 8580 41
72 8624 41
76 8668 41
62 8756 41
69 8800 83
72 8844 41
70 8888 41
71 8932 41
74 8976 41
78 9020 41
67 9064 41
71 9064 41
81 9064 41
79 9108 41
78 9152 41
79 9196 41
83 9240 125
81 9372 20
83 9394 20
76 9407 8
76 9541 28
74 9548 20
71 9592 125
69 9724 20
71 9746 20
64 9768 167
66 9944 83
71 10076 41
79 10120 167
74 10296 167
78 10296 167
76 10472 167
74 10560 41
72 10604 41
74 10648 167
67 10780 41
69 10824 41
72 10868 41
76 10912 41
79 10956 41
78 11000 41
74 11044 41
71 11088 41
69 11132 41
71 11176 334
66 11352 43
79 11528 167
69 11704 167
75 11704 167
78 11704 167
71 11880 167
76 11880 167
74 12056 125
71 12188 41
69 12232 41
72 12276 41
76 12320 41
79 12364 41
81 12408 41
83 12452 41
78 12496 41
74 12540 41
76 12584 334
76 12980 20
74 13002 20
76 13024 41
72 13068 20
71 13090 20
72 13112 41
69 13156 20
68 13178 20
69 13200 83
62 13288 167
74 13332 21
67 13464 41
71 13464 41
67 13508 20
66 13530 20
67 13552 83
60 13640 167
72 13684 21
72 13860 41
76 13904 41
72 13948 41
69 13983 8
72 14014 20
71 14036 20
69 14058 20
67 14080 20
66 14102 20
64 14124 20
66 14146 20
67 14168 167
76 14388 20
75 14410 20
76 14432 41
72 14476 20
71 14498 20
72 14520 83
69 14608 20
71 14630 20
72 14652 20
74 14674 20
76 14696 27
78 14725 27
79 14754 27
78 14784 27
81 14813 27
79 14842 27
78 14872 41
74 14916 125
60 15048 167
72 15092 21
72 15268 41
76 15312 41
72 15356 41
69 15391 8
72 15422 20
71 15444 20
69 15466 20
67 15488 20
66 15510 20
64 15532 20
63 15554 20
64 15576 167
52 15664 83
52 15752 167
79 15796 21
72 15928 20
74 15950 20
72 15972 20
71 15994 20
72 16016 83
62 16104 167
78 16148 21
71 16280 20
72 16302 20
71 16324 20
69 16346 20
71 16368 83
60 16456 167
76 16500 21
69 16632 20
71 16654 20
69 16676 20
68 16698 20
69 16720 83
59 16808 167
75 16852 21
67 16984 20
69 17006 20
67 17028 20
66 17050 20
64 17072 20
66 17094 20
67 17116 20
71 17138 20
69 17160 132
72 17292 41
69 17327 6
71 17468 41
69 17544 99
69 17685 2
66 17864 83
78 17952 167
75 18128 41
73 18172 41
75 18216 250
59 18392 167
71 18524 41
79 18568 167
74 18744 167
78 18744 167
76 18920 167
74 19008 41
72 19052 41
74 19096 167
67 19228 41
69 19272 41
72 19316 41
76 19360 41
79 19404 41
78 19448 41
74 19492 41
71 19536 41
69 19580 41
71 19624 334
66 19800 43
79 19976 167
69 20152 167
75 20152 167
78 20152 167
71 20328 167
76 20328 167
74 20504 125
71 20636 41
69 20680 41
72 20724 41
76 20768 41
79 20812 41
81 20856 41
83 20900 41
78 20944 41
74 20988 41
67 21076 41
71 21120 41
67 21164 41
76 21199 96
64 21208 83
78 21340 41
79 21384 41
79 21428 41
79 21472 41
79 21516 41
72 21560 41
79 21560 41
78 21604 41
76 21648 41
78 21692 41
74 21736 167
72 21956 41
71 22000 41
72 22044 20
74 22066 20
76 22088 41
76 22132 41
76 22176 41
76 22220 41
76 22264 41
74 22308 41
72 22352 41
74 22396 41
71 22440 250
62 22660 41
67 22704 83
71 22748 41
68 22792 41
69 22836 41
72 22880 41
76 22924 41
62 23012 41
69 23056 83
72 23100 41
70 23144 41
71 23188 41
74 23232 41
78 23276 41
67 23320 41
71 23320 41
81 23320 41
79 23364 41
78 23408 41
79 23452 41
83 23496 125
81 23628 20
83 23650 20
76 23663 8
76 23797 28
74 23804 20
71 23848 125
69 23980 20
71 24002 20
64 24024 167
66 24200 83
71 24332 41
79 24376 167
74 24552 167
78 24552 167
76 24728 167
74 24816 41
72 24860 41
74 24904 167
67 25036 41
69 25080 41
72 25124 41
76 25168 41
79 25212 41
78 25256 41
74 25300 41
71 25344 41
69 25388 41
71 25432 334
66 25608 43
79 25784 167
69 25960 167
75 25960 167
78 25960 167
71 26136 167
76 26136 167
74 26312 125
71 26444 41
69 26488 41
72 26532 41
76 26576 41
79 26620 41
81 26664 41
83 26708 41
78 26752 41
74 26796 41
67 26884 41
71 26928 41
67 26972 41
64 27016 167
57 27192 334
83 27236 41
81 27544 41
79 27588 41
78 27632 41
79 27676 41
86 27720 125
84 27852 41
83 27896 125
73 27896 167
76 27896 167
81 28028 41
81 28072 125
79 28204 41
72 28248 41
76 28248 41
81 28248 41
72 28292 41
76 28336 41
81 28380 83
72 28468 41
76 28512 41
81 28556 41
83 28600 167
71 28776 334
