72 44 41
76 44 41
81 88 41
79 132 41
79 176 41
78 220 41
76 264 41
78 308 41
67 352 334
76 528 167
79 528 167
57 704 334
67 704 334
73 880 167
76 880 167
62 1056 167
59 1232 167
71 1452 41
52 1496 41
59 1540 41
67 1584 83
71 1628 41
59 1672 41
59 1716 41
66 1760 83
71 1804 41
60 1848 41
64 1892 41
67 1936 83
59 2024 41
62 2068 83
62 2156 41
57 2200 167
62 2376 167
55 2552 41
62 2596 41
69 2640 41
67 2684 41
59 2728 41
67 2772 41
69 2816 43
71 2860 83
52 2904 41
59 2948 41
67 2992 83
71 3036 41
54 3080 41
59 3124 41
66 3168 83
71 3212 41
55 3256 43
64 3300 125
74 3344 41
72 3388 41
56 3432 83
64 3520 41
64 3564 41
57 3608 250
71 3784 83
59 3872 83
52 3960 250
52 4312 41
59 4356 41
67 4400 83
71 4444 41
59 4488 41
59 4532 41
66 4576 83
71 4620 41
60 4664 41
64 4708 41
67 4752 83
59 4840 41
62 4884 83
62 4972 41
57 5016 167
62 5192 167
55 5368 41
62 5412 41
69 5456 41
67 5500 41
59 5544 41
67 5588 41
69 5632 43
71 5676 83
52 5720 41
59 5764 41
67 5808 83
71 5852 41
54 5896 41
59 5940 41
66 5984 83
71 6028 41
55 6072 43
64 6116 125
74 6160 41
72 6204 41
56 6248 83
64 6336 41
64 6380 41
57 6424 250
71 6600 83
59 6688 83
52 6776 250
72 7172 41
72 7216 41
72 7260 41
57 7295 8
59 7480 41
66 7524 41
69 7568 41
66 7612 41
74 7656 167
67 7876 41
72 7876 41
67 7920 41
72 7920 41
67 7964 41
72 7964 41
67 8008 43
72 8008 43
60 8008 167
62 8228 41
67 8272 41
62 8316 41
55 8351 8
57 8536 167
54 8712 167
59 8888 167
52 9064 167
67 9240 167
57 9240 334
67 9416 167
73 9416 167
67 9592 167
57 9592 334
63 9944 83
52 10120 41
59 10164 41
67 10208 83
71 10252 41
59 10296 41
59 10340 41
66 10384 83
71 10428 41
60 10472 41
64 10516 41
67 10560 83
59 10648 41
62 10692 83
62 10780 41
57 10824 167
62 11000 167
55 11176 41
62 11220 41
69 11264 41
67 11308 41
59 11352 41
67 11396 41
69 11440 43
71 11484 83
52 11528 41
59 11572 41
67 11616 83
71 11660 41
54 11704 41
59 11748 41
66 11792 83
71 11836 41
55 11880 43
64 11924 125
74 11968 41
72 12012 41
56 12056 83
64 12144 41
64 12188 41
57 12232 250
71 12408 83
59 12496 83
67 12628 41
71 12672 41
67 12716 41
52 12751 184
64 12760 167
67 12980 21
57 13112 167
69 13332 20
73 13354 20
74 13376 41
71 13420 20
70 13442 20
55 13464 167
67 13684 20
71 13706 20
72 13728 41
69 13772 20
68 13794 20
54 13816 167
59 13992 250
64 14168 83
52 14256 83
52 14344 167
67 14388 21
57 14520 167
69 14696 83
72 14696 83
62 14696 167
71 14872 43
62 14872 167
67 14872 167
67 15092 20
71 15114 20
72 15136 41
69 15180 20
68 15202 20
54 15224 167
59 15400 250
67 15796 20
71 15796 20
78 15818 20
79 15840 41
71 15884 41
57 15928 167
69 16148 20
77 16170 20
78 16192 41
69 16236 41
55 16280 167
67 16500 20
75 16522 20
76 16544 41
67 16588 41
54 16632 167
69 16852 20
73 16874 20
75 16896 41
66 16940 41
52 16984 167
53 17160 41
60 17204 83
60 17292 41
53 17336 41
60 17380 83
60 17468 41
53 17512 41
60 17556 83
60 17644 41
53 17688 43
60 17732 125
67 17820 41
69 17952 167
76 17952 167
66 18216 250
69 18216 250
52 18568 41
59 18612 41
67 18656 83
71 18700 41
59 18744 41
59 18788 41
66 18832 83
71 18876 41
60 18920 41
64 18964 41
67 19008 83
59 19096 41
62 19140 83
62 19228 41
57 19272 167
62 19448 167
55 19624 41
62 19668 41
69 19712 41
67 19756 41
59 19800 41
67 19844 41
69 19888 43
71 19932 83
52 19976 41
59 20020 41
67 20064 83
71 20108 41
54 20152 41
59 20196 41
66 20240 83
71 20284 41
55 20328 43
64 20372 125
74 20416 41
72 20460 41
56 20504 83
64 20592 41
64 20636 41
57 20680 250
71 20856 83
59 20944 83
52 21032 250
72 21428 41
72 21472 41
72 21516 41
57 21551 8
59 21736 41
66 21780 41
69 21824 41
66 21868 41
74 21912 167
67 22132 41
72 22132 41
67 22176 41
72 22176 41
67 22220 41
72 22220 41
67 22264 43
72 22264 43
60 22264 167
62 22484 41
67 22528 41
62 22572 41
55 22607 8
57 22792 167
54 22968 167
59 23144 167
52 23320 167
67 23496 167
57 23496 334
67 23672 167
73 23672 167
57 23848 167
67 23848 167
63 24200 83
52 24376 41
59 24420 41
67 24464 83
71 24508 41
59 24552 41
59 24596 41
66 24640 83
71 24684 41
60 24728 41
64 24772 41
67 24816 83
59 24904 41
62 24948 83
62 25036 41
57 25080 167
62 25256 167
55 25432 41
62 25476 41
69 25520 41
67 25564 41
59 25608 41
67 25652 41
69 25696 43
71 25740 83
52 25784 41
59 25828 41
67 25872 83
71 25916 41
54 25960 41
59 26004 41
66 26048 83
71 26092 41
55 26136 43
64 26180 125
74 26224 41
72 26268 41
56 26312 83
64 26400 41
64 26444 41
57 26488 250
71 26664 83
59 26752 83
52 26840 334
72 27236 41
76 27236 41
81 27280 41
79 27324 41
79 27368 41
78 27412 41
76 27456 41
78 27500 41
67 27544 334
76 27720 167
79 27720 167
57 27896 334
67 27896 334
73 28072 167
76 28072 167
62 28248 334
67 28600 167
78 28600 167
55 28776 334
66 28776 334
67 28776 334
