84 18 37
82 56 37
81 94 18
79 113 28
84 150 37
82 188 37
81 226 37
79 264 28
79 301 18
77 320 28
75 377 18
75 396 37
77 433 18
74 452 37
74 622 18
74 641 37
74 678 18
74 697 37
86 735 18
86 754 56
82 924 18
81 942 37
81 980 18
81 999 37
82 1037 18
82 1056 56
82 1225 18
84 1244 37
82 1282 37
81 1320 18
79 1338 28
84 1376 37
82 1414 37
81 1452 37
79 1489 28
79 1527 18
77 1546 28
75 1602 18
75 1621 37
77 1659 18
74 1678 56
74 1829 18
74 1848 37
74 1885 18
74 1904 37
86 1942 18
86 1961 56
82 2130 18
81 2149 37
81 2187 18
81 2206 37
82 2244 18
82 2262 37
67 2300 9
70 2300 9
67 2310 18
70 2310 18
70 2328 18
67 2328 18
67 2347 9
70 2347 9
70 2357 18
67 2357 18
67 2376 9
70 2376 9
67 2385 18
70 2385 18
67 2404 9
70 2404 9
67 2413 18
70 2413 18
74 2451 9
62 2460 9
67 2470 9
72 2479 9
62 2489 9
67 2498 9
70 2508 9
67 2517 9
74 2526 9
62 2536 9
67 2545 9
72 2555 9
62 2564 9
67 2574 9
70 2583 18
86 2602 9
74 2611 18
84 2630 18
74 2649 9
82 2658 18
86 2677 9
74 2687 18
84 2706 9
82 2715 37
74 2753 9
82 2762 18
74 2762 18
74 2781 9
79 2790 18
74 2790 18
74 2809 18
62 2828 9
67 2838 9
74 2847 9
67 2847 9
62 2856 9
67 2866 9
72 2875 28
67 2875 28
74 2904 9
82 2913 18
74 2913 18
74 2932 9
79 2941 18
74 2941 18
74 2960 18
62 2979 18
82 2998 28
74 2998 28
81 3026 28
74 3026 28
74 3054 9
82 3064 18
74 3064 18
74 3083 9
79 3092 18
74 3092 18
74 3111 18
62 3130 9
67 3139 9
67 3149 9
74 3149 9
62 3158 9
67 3168 9
67 3177 28
72 3177 28
74 3205 9
82 3215 18
74 3215 18
74 3234 9
79 3243 18
74 3243 18
74 3262 18
62 3281 18
82 3300 28
74 3300 28
81 3328 28
74 3328 28
69 3356 9
70 3366 9
62 3366 9
62 3384 18
67 3384 18
62 3413 18
72 3413 18
69 3432 9
62 3441 9
70 3441 9
62 3460 18
67 3460 18
81 3488 18
82 3507 28
82 3535 28
82 3564 37
82 3620 18
86 3639 18
86 3658 28
84 3686 28
84 3714 37
82 3790 18
84 3809 28
82 3837 28
81 3865 37
77 3903 37
74 3941 37
74 4016 18
72 4035 37
77 4092 18
77 4110 18
74 4129 9
74 4139 18
74 4167 18
72 4186 18
74 4205 9
74 4214 18
77 4242 18
77 4261 18
74 4280 9
74 4290 18
74 4318 18
72 4337 18
74 4356 9
74 4365 18
77 4393 18
77 4412 18
74 4431 9
74 4440 18
74 4469 18
72 4488 28
74 4516 28
74 4544 28
74 4620 18
62 4620 18
74 4638 37
86 4638 37
72 4676 18
84 4676 18
84 4695 18
72 4695 18
86 4714 28
74 4714 28
77 4714 28
84 4742 28
72 4742 28
77 4742 28
84 4770 18
72 4770 18
84 4789 28
72 4789 28
70 4818 28
82 4818 28
81 4846 37
74 4846 37
82 4884 37
70 4884 37
81 4921 37
69 4921 37
74 4921 37
77 4959 37
65 4959 37
69 4959 37
74 5016 28
86 5016 28
84 5044 28
72 5044 28
72 5072 37
84 5072 37
82 5110 28
70 5110 28
74 5110 28
70 5148 18
82 5148 18
74 5148 18
81 5166 28
72 5166 28
70 5195 28
82 5195 28
77 5223 37
81 5223 37
82 5261 28
70 5261 28
82 5298 18
70 5298 18
91 5317 28
79 5317 28
82 5317 28
89 5346 28
77 5346 28
86 5374 37
74 5374 37
82 5412 28
74 5412 28
70 5440 9
82 5449 18
70 5468 0
82 5468 37
74 5468 37
81 5506 18
69 5506 18
79 5525 37
67 5525 37
69 5562 37
81 5562 37
74 5600 94
82 5600 94
69 5751 18
69 5770 28
65 5770 28
70 5798 28
69 5826 37
65 5826 37
65 5864 28
62 5864 28
65 5902 18
77 5902 18
74 5921 18
86 5921 18
77 5921 18
84 5940 9
72 5940 9
72 5949 28
84 5949 28
77 5949 28
72 5977 18
84 5977 18
84 5996 18
72 5996 18
82 6015 9
70 6015 9
70 6024 28
82 6024 28
82 6053 18
70 6053 18
69 6072 28
74 6072 28
70 6100 28
82 6100 28
69 6128 28
81 6128 28
74 6128 28
77 6156 9
65 6156 9
77 6166 28
65 6166 28
65 6204 18
77 6204 18
86 6222 18
77 6222 18
84 6241 9
72 6241 9
84 6251 28
77 6251 28
72 6279 0
84 6279 18
72 6298 0
84 6298 28
70 6326 28
82 6326 28
74 6326 28
82 6354 18
70 6354 18
69 6373 28
74 6373 28
70 6402 28
82 6402 28
77 6430 37
89 6430 37
81 6430 37
70 6468 28
82 6468 28
82 6505 18
70 6505 18
79 6524 28
82 6524 28
89 6552 28
77 6552 28
86 6581 18
74 6581 18
70 6600 37
82 6600 37
70 6656 18
82 6656 18
70 6675 37
82 6675 37
69 6713 18
67 6732 37
69 6769 37
70 6807 18
74 6826 9
62 6835 9
67 6845 9
72 6854 9
62 6864 9
67 6873 9
70 6882 9
67 6892 9
62 6901 9
67 6911 9
70 6920 18
72 6939 9
62 6948 9
67 6958 9
70 6967 9
74 6977 9
62 6986 9
67 6996 9
72 7005 9
62 7014 9
67 7024 9
70 7033 9
67 7043 9
62 7052 9
67 7062 9
70 7071 18
72 7090 9
62 7099 9
67 7109 9
70 7118 235
